1.438658039072157280e+01 8.352914352485953486e+00 -1.607139999999999957e-01 5.549172877021145212e+01 9.649140000000000494e-01 1.372946981000000051e+02
1.308907567599579558e+01 8.443860625124406383e+00 -1.148909999999999931e-01 5.825738464351804424e+01 9.130899999999999572e-01 1.387489884999999958e+02
1.261485027518314261e+01 8.486549865896185096e+00 -8.744359999999999633e-02 5.942293623527892521e+01 8.845049999999999857e-01 1.382072606000000121e+02
1.147555075555310999e+01 8.950862168576490419e+00 3.738650000000000306e-02 6.269077475071721040e+01 7.510449999999999626e-01 1.351556161999999972e+02
1.187053816375542148e+01 9.038962295196618868e+00 1.509719999999999986e-02 6.147114391303675518e+01 7.887009999999999854e-01 1.354015827000000058e+02
1.127313021922802250e+01 9.206074731560599744e+00 8.003810000000000091e-02 6.335855168138294857e+01 7.001009999999999733e-01 1.347008280999999954e+02
1.118536218075570687e+01 9.266928404053381030e+00 9.491789999999999949e-02 6.365806047111631472e+01 6.801129999999999676e-01 1.344242994999999894e+02
1.148070182342346790e+01 1.003067658239494087e+01 1.418250000000000066e-01 6.267418134212406500e+01 6.412229999999999874e-01 1.328816626999999926e+02
1.107113091940816929e+01 1.093243310604865215e+01 2.500000000000000000e-01 6.405749785293842535e+01 3.155140000000000167e-01 1.598471364000000108e+02
1.036451730924806469e+01 1.116363124321586042e+01 2.500000000000000000e-01 6.681251747937871244e+01 7.446160000000000279e-02 8.318155563999999913e+02
